NacquisitionWindows = 96;
CandidateAcquisitionIdx = [1,2,3,3,4,4,5,9,10,12,13,26,27,28,29,31,32,34,35,39,41,42,44,45,49,50,51,58,60,61,67,70,71,72,75,76,77,78,80,81,82,82,83,83,85,86,86,93,96,99,102,103,108,115,129,130,133,134,135,136,137,140,141,142,143,144,146,147,148,149,151,152,153,156,157,158,159,161,164,165,166,167,168,169,170,171,173,174,175,176,177,179,181,182,183,185];
AcquisitionWindowIdx = [0,1,1,2,1,2,1,1,1,0,1,0,1,1,1,0,1,0,1,0,0,1,0,1,1,1,1,1,2,2,0,0,0,0,0,1,1,1,0,0,1,2,1,2,0,1,2,2,0,0,0,2,1,0,1,1,1,1,1,2,1,0,1,1,1,2,0,1,2,2,0,1,2,0,1,2,1,0,1,1,2,1,2,1,2,1,0,2,1,1,1,0,0,1,1,0];
EarliestStartTime = [13424.613044887781,7429.148830354214,7652.039543509483,13503.17055669427,7649.533510863781,13505.169581055641,7528.963841378689,4844.937811017036,4865.7748429477215,4861.983582884073,4855.6261339485645,4704.774407476187,4788.6657745838165,4775.4300383627415,4858.728574126959,4739.594688504934,4792.1632025539875,4801.394372135401,4698.658080667257,4978.818487852812,4918.579518914223,4898.934373944998,4938.226158946753,4877.411613434553,4931.04512360692,4898.490151196718,4920.881364881992,4900.499905914068,4825.750801205635,4811.358385741711,4827.716810703278,12329.45409682393,12412.676132023335,12337.221326828003,4885.6682995557785,4879.277892172337,4872.726121157408,4882.536800920963,1647.242846339941,7646.588842093945,1749.1825748980045,7710.82940480113,1654.0092440843582,7681.818218231201,1664.184691220522,1703.4316571950912,7722.093712776899,4590.4061569571495,4587.925421208143,4624.976300179958,4591.148613840342,4628.9254059791565,3410.336398333311,3450.17863458395,3580.1636739969254,3506.6591270267963,4620.688355773687,4672.727276355028,4620.114549636841,4612.590554058552,4621.428420871496,4549.870764523745,4579.651294142008,4616.932826012373,4665.633833646774,4661.818989008665,4614.46666046977,4672.6289930045605,4660.04102575779,4617.198433995247,4578.080249637365,4667.931859910488,4666.786540329456,4563.6119167506695,4614.639373660088,4642.053371310234,4660.336322069168,4648.803713709116,4848.919814437628,4896.429567933083,4905.34776315093,4822.184517234564,4802.312840908766,4826.396558195353,4847.472651720047,4827.0121383965015,4834.417942374945,4873.623786538839,4804.641000151634,4818.496827304363,4825.983364999294,4806.871058285236,4842.2634880542755,4828.621476083994,4814.954544812441,4803.110290974379];
LatestStartTime = [13886.16197758913,7853.144162803888,8018.750124394894,13876.97950720787,8020.083936393261,13875.06065288186,7965.32748657465,5155.358926177025,5156.349048674107,5164.143614143133,5157.953227519989,5112.862292468548,5182.8077874183655,5063.294064998627,5046.393734157085,5159.539830505848,4974.12123632431,5149.98573872447,5072.965248078108,5110.042414546013,5116.308112710714,5125.534183293581,5047.630828052759,5036.001731395721,5053.240495324135,5116.537318468094,5043.5412611067295,5110.566840946674,5288.86745968461,5291.088796377182,4985.073939651251,12737.456144034863,12706.538358777761,12735.623522222042,5178.739336758852,5152.820930689573,5176.382469624281,5178.941661387682,2087.6298701167107,7829.2964380681515,2206.4020734727383,7993.880435377359,2104.4418230950832,7823.918759196997,2134.680262476206,2166.585858374834,7903.846102148294,5069.086347073317,5066.647621899843,5103.828897148371,5069.784300416708,5107.590537935495,3775.4674388468266,3697.5310952961445,3749.366750508547,3622.5134954452515,5066.206270724535,5028.49327608943,5065.846742928028,5074.56122007966,5066.796304643154,5019.58200776577,5001.2844550311565,5065.682189047337,5028.706130504608,5139.879880875349,5064.873226284981,5098.993951499462,5138.723891943693,5068.772459477186,5029.211161196232,5032.005268365145,5115.629303276539,5031.830667346716,5025.173181712627,5121.597734510899,5097.911097198725,5064.4292932748795,5028.546088755131,4994.900442272425,5327.11698487401,5209.52073314786,5239.973917037249,5214.260191082954,5307.419814378023,5248.183534324169,5218.005460262299,5318.342191129923,5214.441455930471,5220.350535422564,5254.931979686022,5210.2672790288925,5267.07332777977,5236.537701755762,5224.149535536766,5218.649339109659];
Duration = [7.399485902854087,7.399485902854087,7.399485902854087,7.399485902854087,7.399485902854087,7.399485902854087,7.399485902854087,7.399485902854087,7.399485902854087,7.399485902854087,7.399485902854087,7.399485902854087,7.399485902854087,7.399485902854087,7.399485902854087,7.399485902854087,7.399485902854087,7.399485902854087,7.399485902854087,7.399485902854087,7.399485902854087,7.399485902854087,7.399485902854087,7.399485902854087,7.399485902854087,7.399485902854087,7.399485902854087,7.399485902854087,7.399485902854087,7.399485902854087,7.399485902854087,7.399485902854087,7.399485902854087,7.399485902854087,7.399485902854087,7.399485902854087,7.399485902854087,7.399485902854087,7.399485902854087,7.399485902854087,7.399485902854087,7.399485902854087,7.399485902854087,7.399485902854087,7.399485902854087,7.399485902854087,7.399485902854087,7.399485902854087,7.399485902854087,7.399485902854087,7.399485902854087,7.399485902854087,7.399485902854087,7.399485902854087,7.399485902854087,7.399485902854087,7.399485902854087,7.399485902854087,7.399485902854087,7.399485902854087,7.399485902854087,7.399485902854087,7.399485902854087,7.399485902854087,7.399485902854087,7.399485902854087,7.399485902854087,7.399485902854087,7.399485902854087,7.399485902854087,7.399485902854087,7.399485902854087,7.399485902854087,7.399485902854087,7.399485902854087,7.399485902854087,7.399485902854087,7.399485902854087,7.399485902854087,7.399485902854087,7.399485902854087,7.399485902854087,7.399485902854087,7.399485902854087,7.399485902854087,7.399485902854087,7.399485902854087,7.399485902854087,7.399485902854087,7.399485902854087,7.399485902854087,7.399485902854087,7.399485902854087,7.399485902854087,7.399485902854087,7.399485902854087];
TransitionTimes = [
	[0.0,37.215200610517066,42.21881575073078,10.163509621440635,42.05978680601916,10.321669754698446,36.42027807244422,44.15604714873639,44.49722685090028,44.31411920681176,44.30536372942457,40.49823005302315,41.590577227167294,44.46103263815273,45.512009291699975,39.832321542513405,45.53021393386955,43.258604062350294,42.19594626411478,45.81561856572736,45.46336101418506,45.23806177853758,45.88560643000007,45.68058094357359,45.84246551280451,45.30820654914327,45.83960989047846,45.37035391530966,35.497252905286544,31.031828446869234,45.67717510887401,39.85344860337747,44.24728697582387,40.55065945022971,44.47685734787665,44.73943641133162,44.29971259400525,44.42386018327811,36.341251937168515,13.471624681934651,34.88194815401523,12.546775323824152,34.77907688627319,13.690246061877485,29.773619001752163,32.896432164609585,13.493339431971494,20.561625418820544,20.04003834334888,23.85097853760711,20.773021409474943,24.33525758629779,42.069263980633096,44.81251122568157,45.50579353972704,45.785198590270625,36.073210478215266,42.803467203557865,36.03147152851764,32.32499598610814,36.106039233416894,27.203351515323178,38.74483763728439,35.47057204044723,42.5391887612786,26.71869589535492,35.12839186126835,38.89514519428647,26.182817901926647,34.936346289040316,34.477848369506944,42.508552794006704,36.051484104867356,28.582429212271062,39.90051079913457,24.360485044264752,37.5919942551461,39.684151748068494,45.559124523860284,45.9141584942936,40.47915080003746,41.99570358061226,38.66930846448743,41.98505812937479,36.27736359123376,40.17684665958879,42.18173306183181,38.437749051436676,40.81291908356004,41.30536850511233,39.58857918818181,41.18313573985788,39.98938171179273,41.014274407115764,40.88912589427824,40.448969993109046],
	[37.215200610517066,0.0,5.003615140213721,47.3787102319577,4.844586195502099,47.536870365215506,0.7949225380728461,6.940846538219331,7.282026240383223,7.098918596294701,7.090163118907508,3.2830294425060864,4.3753766166502315,7.245832027635664,8.296808681182911,2.6171209319963396,8.315013323352483,6.0434034518332345,4.980745653597721,8.6004179552103,8.248160403668,8.02286116802051,8.670405819482998,8.465380333056531,8.627264902287449,8.093005938626213,8.6244092799614,8.155153304792595,1.7179477052305188,6.1833721636478245,8.461974498356948,2.6382479928604097,7.032086365306812,3.3354588397126497,7.261656737359591,7.5242358008145604,7.084511983488184,7.208659572761042,0.8739486733485431,50.686825292451715,2.3332524565018304,49.76197593434121,2.436123724243879,50.90544667239455,7.441581608764897,4.318768445907478,50.70854004248856,16.65357519169652,17.175162267168183,13.364222072909957,16.442179201042123,12.879943024219273,4.854063370116031,7.5973106151645,8.290592929209978,8.569997979753568,1.1419901323017927,5.588266593040803,1.1837290819994188,4.890204624408922,1.1091613771001734,10.011849095193885,1.529637026767328,1.744628570069827,5.323988150761538,10.496504715162143,2.0868087492487173,1.6799445837694116,11.032382708590417,2.278854321476745,2.7373522410101168,5.293352183489643,1.1637165056497039,8.632771398246003,2.685310188617512,12.854715566252308,0.3767936446290364,2.468951137551435,8.343923913343222,8.698957883776535,3.263950189520395,4.780502970095194,1.454107853970368,4.769857518857727,0.9378370192833042,2.9616460490717267,4.966532451314744,1.2225484409196141,3.5977184730429808,4.090167894595269,2.3733785776647456,3.9679351293408223,2.774181101275669,3.7990737965987047,3.673925283761171,3.2337693825919804],
	[42.21881575073078,5.003615140213721,0.0,52.382325372171415,0.15902894471162202,52.54048550542923,5.798537678286566,1.9372313980056108,2.278411100169502,2.095303456080981,2.0865479786937877,1.720585697707634,0.6282385235634886,2.242216887421943,3.2931935409691917,2.3864942082173806,3.311398183138763,1.0397883116195143,0.02286948661599981,3.5968028149965807,3.244545263454281,3.01924602780679,3.666790679269278,3.4617651928428113,3.6236497620737276,3.0893907984124924,3.62079413974768,3.151538164578875,6.7215628454442395,11.186987303861544,3.4583593581432277,2.365367147353311,2.0284712250930914,1.6681563005010707,2.25804159714587,2.52062066060084,2.080896843274464,2.2050444325473215,5.877563813562263,55.69044043266544,7.3368675967155506,54.76559107455493,7.439738864457599,55.90906181260827,12.445196748978617,9.322383586121198,55.712155182702276,21.657190331910236,22.1787774073819,18.367837213123675,21.44579434125584,17.883558164432994,0.14955177009768908,2.59369547495078,3.2869777889962575,3.566382839539848,6.145605272515513,0.5846514528270826,6.187344222213139,9.893819764622641,6.112776517313894,15.015464235407608,3.473978113446392,6.748243710283547,0.320373010547818,15.500119855375862,7.090423889462437,3.3236705564443088,16.035997848804136,7.282469461690466,7.740967381223837,0.28973704327592265,6.167331645863424,13.636386538459723,2.3183049515962084,17.858330706466027,4.626821495584684,2.5346640026622853,3.340308773129501,3.6953427435628146,1.7396649506933255,0.22311217011852694,3.5495072862433523,0.23375762135599368,5.941452159497024,2.041969091141994,0.03708268889897643,3.781066699294106,1.4058966671707398,0.9134472456184511,2.6302365625489745,1.0356800108728983,2.2294340389380514,1.2045413436150156,1.329689856452549,1.7698457576217401],
	[10.163509621440635,47.3787102319577,52.382325372171415,0.0,52.22329642745979,0.15816013325780953,46.58378769388485,54.31955677017703,54.66073647234092,54.4776288282524,54.46887335086521,50.66173967446378,51.754086848607926,54.62454225959336,55.67551891314061,49.995831163954044,55.69372355531018,53.42211368379093,52.35945588555542,55.979128187168,55.6268706356257,55.40157139997821,56.0491160514407,55.84409056501423,56.00597513424515,55.47171617058391,56.003119511919095,55.533863536750296,45.660762526727176,41.19533806830987,55.84068473031465,50.016958224818104,54.41079659726451,50.71416907167035,54.64036696931729,54.902946032772256,54.46322221544588,54.58736980471874,46.504761558609154,3.308115060494016,45.045457775455866,2.3832657023835164,44.94258650771382,3.526736440436849,39.937128623192805,43.059941786050224,3.3298298105308577,30.725135040261183,30.203547964789518,34.01448815904774,30.936531030915578,34.498767207738425,52.23277360207373,54.9760208471222,55.669303161167676,55.94870821171126,46.236720099655905,52.966976824998504,46.19498114995828,42.488505607548774,46.269548854857526,37.366861136763816,48.90834725872503,45.63408166188787,52.702698382719234,36.88220551679556,45.29190148270899,49.05865481572711,36.34632752336728,45.099855910480954,44.641357990947576,52.672062415447336,46.214993726307995,38.74593883371169,50.06402042057521,34.523994665705395,47.75550387658673,49.84766136950913,55.72263414530092,56.077668115734234,50.64266042147809,52.1592132020529,48.83281808592807,52.148567750815424,46.4408732126744,50.34035628102943,52.345242683272446,48.601258672877314,50.97642870500068,51.468878126552966,49.75208880962244,51.34664536129852,50.15289133323337,51.17778402855641,51.05263551571887,50.61247961454968],
	[42.05978680601916,4.844586195502099,0.15902894471162202,52.22329642745979,0.0,52.38145656071761,5.639508733574944,2.096260342717233,2.437440044881124,2.254332400792603,2.2455769234054097,1.561556752996012,0.4692095788518666,2.401245832133565,3.4522224856808137,2.2274652635057586,3.470427127850385,1.1988172563311363,0.1361594580956222,3.7558317597082027,3.403574208165903,3.178274972518412,3.8258196239809,3.6207941375544332,3.7826787067853496,3.2484197431241144,3.779823084459302,3.310567109290497,6.5625339007326176,11.027958359149922,3.6173883028548497,2.206338202641689,2.1875001698047134,1.5091273557894485,2.417070541857492,2.679649605312462,2.239925787986086,2.3640733772589435,5.718534868850641,55.53141148795382,7.177838652003929,54.60656212984331,7.280709919745977,55.75003286789665,12.286167804266995,9.163354641409576,55.553126237990654,21.498161387198614,22.01974846267028,18.208808268412053,21.28676539654422,17.724529219721372,0.009477174613932946,2.752724419662402,3.4460067337078795,3.72541178425147,5.986576327803891,0.7436803975387046,6.028315277501517,9.73479081991102,5.953747572602272,14.856435290695984,3.31494916873477,6.589214765571925,0.47940195525944007,15.34109091066424,6.931394944750815,3.1646416117326868,15.876968904092514,7.123440516978843,7.581938436512215,0.4487659879875447,6.008302701151802,13.477357593748101,2.1592760068845864,17.699301761754406,4.467792550873062,2.3756350579506633,3.499337717841123,3.8543716882744365,1.5806360059817033,0.06408322540690493,3.3904783415317303,0.07472867664437166,5.782423214785402,1.8829401464303717,0.12194625581264558,3.6220377545824842,1.2468677224591178,0.7544183009068292,2.4712076178373525,0.8766510661612763,2.070405094226429,1.0455123989033936,1.170660911740927,1.6108168129101181],
	[10.321669754698446,47.536870365215506,52.54048550542923,0.15816013325780953,52.38145656071761,0.0,46.74194782714267,54.47771690343484,54.81889660559873,54.635788961510215,54.62703348412301,50.8198998077216,51.91224698186574,54.78270239285117,55.83367904639842,50.153991297211846,55.851883688567995,53.58027381704875,52.51761601881323,56.13728832042581,55.78503076888351,55.55973153323602,56.20727618469851,56.00225069827204,56.16413526750296,55.62987630384172,56.16127964517691,55.692023670008105,45.81892265998499,41.35349820156768,55.99884486357246,50.17511835807592,54.568956730522316,50.87232920492816,54.7985271025751,55.061106166030065,54.62138234870369,54.74552993797655,46.66292169186696,3.1499549272362066,45.203617908713674,2.2251055691257067,45.10074664097163,3.368576307179039,40.095288756450614,43.218101919308026,3.171669677273048,30.88329517351899,30.361708098047327,34.17264829230555,31.094691164173387,34.65692734099623,52.390933735331544,55.13418098038001,55.827463294425485,56.10686834496908,46.394880232913714,53.12513695825631,46.35314128321608,42.64666574080659,46.427708988115334,37.525021270021625,49.06650739198284,45.79224179514568,52.86085851597705,37.04036565005337,45.45006161596679,49.21681494898492,36.504487656625095,45.258016043738756,44.79951812420539,52.83022254870515,46.37315385956581,38.90409896696951,50.22218055383302,34.6821547989632,47.913664009844545,50.00582150276694,55.88079427855873,56.23582824899204,50.8008205547359,52.3173733353107,48.99097821918588,52.30672788407324,46.599033345932206,50.49851641428723,52.50340281653025,48.75941880613512,51.134588838258495,51.627038259810774,49.91024894288026,51.50480549455633,50.31105146649117,51.33594416181421,51.210795648976685,50.77063974780749],
	[36.42027807244422,0.7949225380728461,5.798537678286566,46.58378769388485,5.639508733574944,46.74194782714267,0.0,7.735769076292177,8.07694877845607,7.893841134367547,7.885085656980354,4.077951980578932,5.170299154723078,8.040754565708509,9.091731219255758,3.412043470069186,9.10993586142533,6.838325989906081,5.775668191670567,9.395340493283147,9.043082941740847,8.817783706093357,9.465328357555844,9.260302871129378,9.422187440360293,8.88792847669906,9.419331818034246,8.950075842865441,0.9230251671576727,5.388449625574978,9.256897036429795,3.4331705309332556,7.8270089033796575,4.130381377785496,8.056579275432437,8.319158338887407,7.879434521561031,8.003582110833888,0.07902613527569705,49.89190275437887,1.5383299184289845,48.96705339626837,1.641201186171033,50.11052413432171,6.646659070692051,3.523845907834632,49.913617504415704,15.858652653623672,16.380239729095337,12.56929953483711,15.647256662969275,12.085020486146426,5.648985908188878,8.392233153237346,9.085515467282823,9.364920517826414,0.3470675942289467,6.383189131113649,0.38880654392657277,4.095282086336075,0.3142388390273274,9.216926557121038,2.324559564840174,0.949706031996981,6.118910688834385,9.701582177089296,1.2918862111758713,2.4748671218422573,10.23746017051757,1.4839317834038994,1.9424297029372708,6.088274721562489,0.3687939675768578,7.837848860173157,3.480232726690358,12.059793028179463,1.1717161827018825,3.2638736756242808,9.138846451416068,9.493880421849381,4.058872727593241,5.575425508168039,2.2490303920432138,5.564780056930573,0.1429144812104582,3.7565685871445726,5.76145498938759,2.0174709789924603,4.392641011115827,4.8850904326681155,3.168301115737592,4.762857667413668,3.569103639348515,4.593996334671551,4.468847821834017,4.028691920664826],
	[44.15604714873639,6.940846538219331,1.9372313980056108,54.31955677017703,2.096260342717233,54.47771690343484,7.735769076292177,0.0,0.34117970216389143,0.15807205807537006,0.14931658068817666,3.657817095713245,2.5654699215690995,0.3049854894163322,1.3559621429635806,4.323725606222991,1.374166785133152,0.8974430863860966,1.9601008846216106,1.6595714169909699,1.3073138654486705,1.082014629801179,1.7295592812636669,1.5245337948372002,1.6864183640681165,1.1521594004068814,1.683562741742069,1.2143067665732643,8.65879424344985,13.124218701867155,1.521127960137617,4.302598545358921,0.09123982708748062,3.6053876985066813,0.32081019914025904,0.583389262595229,0.14366544526885328,0.26781303454171085,7.8147952115678745,57.62767183067104,9.274098994721161,56.70282247256055,9.37697026246321,57.84629321061387,14.38242814698423,11.25961498412681,57.64938658070789,23.594421729915847,24.116008805387512,20.305068611129286,23.383025739261452,19.820789562438602,2.0867831681033,0.6564640769451691,1.3497463909906466,1.629151441534237,8.082836670521123,1.3525799451785283,8.12457562021875,11.831051162628253,8.050007915319505,16.952695633413217,5.411209511452003,8.685475108289157,1.6168583874577929,17.437351253381472,9.027655287468049,5.26090195444992,17.973229246809748,9.219700859696077,9.678198779229447,1.6474943547296883,8.104563043869035,15.573617936465332,4.255536349601819,19.79556210447164,6.564052893590294,4.471895400667896,1.40307737512389,1.7581113455572035,3.676896348698936,2.1603435681241376,5.486738684248963,2.1709890193616044,7.878683557502636,3.9792004891476047,1.9743140869045872,5.7182980972997175,3.3431280651763506,2.850678643624062,4.567467960554586,2.972911408878509,4.166665436943662,3.1417727416206267,3.26692125445816,3.707077155627351],
	[44.49722685090028,7.282026240383223,2.278411100169502,54.66073647234092,2.437440044881124,54.81889660559873,8.07694877845607,0.34117970216389143,0.0,0.18310764408852134,0.19186312147571477,3.9989967978771364,2.906649623732991,0.036194212747559226,1.0147824407996893,4.664905308386883,1.0329870829692605,1.238622788549988,2.301280586785502,1.3183917148270785,0.966134163284779,0.7408349276372876,1.3883795790997755,1.1833540926733088,1.3452386619042251,0.81097969824299,1.3423830395781777,0.8731270644093728,8.99997394561374,13.465398404031047,1.1799482579737255,4.643778247522813,0.2499398750764108,3.9465674006705727,0.02036950302363236,0.24220956043133762,0.19751425689503815,0.07336666762218058,8.155974913731766,57.96885153283493,9.615278696885053,57.04400217472444,9.718149964627102,58.187472912777764,14.723607849148122,11.600794686290701,57.99056628287178,23.93560143207974,24.457188507551404,20.646248313293178,23.724205441425344,20.161969264602494,2.427962870267191,0.3152843747812776,1.0085666888267553,1.2879717393703454,8.424016372685015,1.6937596473424197,8.465755322382641,12.172230864792144,8.391187617483396,17.29387533557711,5.752389213615895,9.02665481045305,1.9580380896216842,17.778530955545364,9.36883498963194,5.602081656613811,18.31440894897364,9.560880561859967,10.019378481393339,1.9886740568935797,8.445742746032927,15.914797638629224,4.596716051765711,20.13674180663553,6.905232595754186,4.813075102831788,1.0618976729599987,1.4169316433933121,4.0180760508628275,2.501523270288029,5.827918386412855,2.5121687215254958,8.219863259666527,4.320380191311496,2.3154937890684786,6.059477799463608,3.684307767340242,3.1918583457879532,4.908647662718477,3.3140911110424005,4.507845139107554,3.482952443784518,3.608100956622051,4.048256857791243],
	[44.31411920681176,7.098918596294701,2.095303456080981,54.4776288282524,2.254332400792603,54.635788961510215,7.893841134367547,0.15807205807537006,0.18310764408852134,0.0,0.008755477387193417,3.815889153788615,2.7235419796444695,0.14691343134096213,1.1978900848882106,4.4817976642983615,1.216094727057782,1.0555151444614665,2.118172942696981,1.5014993589155998,1.1492418073733004,0.923942571725809,1.5714872231882968,1.3664617367618301,1.5283463059927465,0.9940873423315114,1.525490683666699,1.0562347084978942,8.81686630152522,13.282290759942525,1.363055902062247,4.460670603434292,0.06683223098788944,3.7634597565820513,0.16273814106488899,0.425317204519859,0.014406612806516794,0.10974097646634078,7.9728672696432445,57.78574388874642,9.432171052796532,56.86089453063592,9.53504232053858,58.00436526868925,14.540500205059601,11.417687042202179,57.80745863878325,23.75249378799122,24.27408086346288,20.463140669204655,23.54109779733682,19.978861620513975,2.24485522617867,0.49839201886979895,1.1916743329152766,1.4710793834588667,8.240908728596494,1.5106520032538984,8.28264767829412,11.989123220703624,8.208079973394875,17.110767691488586,5.569281569527373,8.843547166364528,1.774930445533163,17.595423311456845,9.185727345543418,5.41897401252529,18.131301304885117,9.377772917771447,9.836270837304818,1.8055664128050584,8.262635101944404,15.731689994540703,4.413608407677189,19.953634162547008,6.7221249516656645,4.629967458743266,1.24500531704852,1.6000392874818334,3.834968406774306,2.3184156261995077,5.644810742324333,2.3290610774369744,8.036755615578006,4.137272547222975,2.1323861449799573,5.876370155375088,3.5012001232517207,3.008750701699432,4.725540018629956,3.130983466953879,4.324737495019032,3.2998447996959968,3.42499331253353,3.865149213702721],
	[44.30536372942457,7.090163118907508,2.0865479786937877,54.46887335086521,2.2455769234054097,54.62703348412301,7.885085656980354,0.14931658068817666,0.19186312147571477,0.008755477387193417,0.0,3.8071336764014214,2.714786502257276,0.15566890872815553,1.206645562275404,4.473042186911168,1.2248502044449754,1.0467596670742731,2.1094174653097872,1.5102548363027932,1.1579972847604938,0.9326980491130024,1.5802427005754902,1.3752172141490235,1.5371017833799399,1.0028428197187047,1.5342461610538924,1.0649901858850876,8.808110824138026,13.273535282555333,1.3718113794494404,4.451915126047099,0.05807675360069603,3.754704279194858,0.1714936184520824,0.4340726819070524,0.005651135419323376,0.11849645385353419,7.964111792256051,57.77698841135922,9.423415575409338,56.85213905324872,9.526286843151388,57.99560979130205,14.531744727672407,11.408931564814987,57.79870316139607,23.743738310604027,24.26532538607569,20.45438519181746,23.532342319949628,19.97010614312678,2.2360997487914767,0.5071474962569924,1.20042981030247,1.4798348608460603,8.2321532512093,1.501896525866705,8.273892200906927,11.98036774331643,8.199324496007682,17.102012214101393,5.560526092140179,8.834791688977335,1.7661749681459695,17.58666783406965,9.176971868156226,5.410218535138096,18.122545827497923,9.369017440384253,9.827515359917625,1.7968109354178647,8.253879624557213,15.72293451715351,4.404852930289996,19.944878685159818,6.713369474278472,4.6212119813560735,1.2537607944357134,1.6087947648690268,3.826212929387113,2.3096601488123145,5.63605526493714,2.3203056000497813,8.028000138190812,4.128517069835781,2.123630667592764,5.867614677987894,3.492444645864527,2.9999952243122388,4.716784541242762,3.122227989566686,4.315982017631839,3.291089322308803,3.4162378351463367,3.8563937363155274],
	[40.49823005302315,3.2830294425060864,1.720585697707634,50.66173967446378,1.561556752996012,50.8198998077216,4.077951980578932,3.657817095713245,3.9989967978771364,3.815889153788615,3.8071336764014214,0.0,1.0923471741441453,3.962802585129577,5.013779238676825,0.6659085105097468,5.031983880846397,2.760374009327148,1.6977162110916342,5.317388512704214,4.965130961161915,4.739831725514424,5.387376376976912,5.182350890550445,5.344235459781362,4.809976496120126,5.341379837455314,4.872123862286509,5.000977147736605,9.46640160615391,5.178945055850861,0.644781449645677,3.7490569228007256,0.052429397206563366,3.9786272948535037,4.241206358308474,3.8014825409820983,3.9256301302549557,4.1569781158546295,53.9698547349578,5.616281899007917,53.0450053768473,5.719153166749965,54.18847611490063,10.724611051270983,7.601797888413564,53.99156948499464,19.936604634202602,20.458191709674267,16.647251515416045,19.725208643548207,16.16297246672536,1.5710339276099448,4.314281172658414,5.007563486703892,5.286968537247482,4.425019574807879,2.3052371505347167,4.466758524505505,8.173234066915008,4.39219081960626,13.29487853769997,1.7533924157387584,5.027658012575913,2.040958708255452,13.779534157668229,5.369838191754804,1.603084858736675,14.315412151096503,5.561883763982832,6.020381683516203,2.0103227409835567,4.44674594815579,11.91580084075209,0.5977192538885744,16.137745008758394,2.90623579787705,0.8140783049546516,5.060894470837135,5.415928441270449,0.01907925298569148,1.497473527589107,1.8289215885357184,1.4868280763516402,4.220866461789391,0.32138339343435984,1.6835030088086576,2.0604810015864725,0.3146890305368942,0.8071384520891828,0.9096508648413407,0.6849056868347356,0.5088483412304172,0.5160443540926183,0.39089584125508486,0.04926005991410614],
	[41.590577227167294,4.3753766166502315,0.6282385235634886,51.754086848607926,0.4692095788518666,51.91224698186574,5.170299154723078,2.5654699215690995,2.906649623732991,2.7235419796444695,2.714786502257276,1.0923471741441453,0.0,2.8704554109854317,3.9214320645326803,1.758255684653892,3.9396367067022515,1.668026835183003,0.6053690369474888,4.22504133856007,3.8727837870177697,3.6474845513702787,4.295029202832766,4.0900037164063,4.251888285637216,3.717629321975981,4.249032663311168,3.7797766881423636,6.0933243218807505,10.558748780298055,4.086597881706717,1.7371286237898222,2.65670974865658,1.039917776937582,2.8862801207093587,3.1488591841643285,2.7091353668379528,2.83328295611081,5.249325289998775,55.06220190910195,6.708629073152062,54.137352550991444,6.811500340894111,55.28082328904478,11.81695822541513,8.694145062557709,55.08391665913879,21.02895180834675,21.55053888381841,17.739598689560186,20.81755581769235,17.255319640869505,0.47868675346579953,3.2219339985142685,3.915216312559746,4.194621363103336,5.517366748952025,1.2128899763905712,5.559105698649651,9.265581241059154,5.484537993750405,14.387225711844119,2.8457395898829034,6.120005186720059,0.9486115341113066,14.871881331812373,6.462185365898949,2.69543203288082,15.407759325240649,6.654230938126977,7.112728857660349,0.9179755668394113,5.539093122299936,13.008148014896236,1.6900664280327198,17.23009218290254,3.9985829720211954,1.906425479098797,3.9685472966929893,4.323581267126303,1.1114264271298369,0.4051263534449617,2.9212687626798637,0.39448090220749493,5.313213635933536,1.4137305675785052,0.5911558346645122,3.1528281757306176,0.7776581436072512,0.28520872205496256,2.001998038985486,0.40744148730940966,1.6011955153745625,0.576302820051527,0.7014513328890605,1.1416072340582515],
	[44.46103263815273,7.245832027635664,2.242216887421943,54.62454225959336,2.401245832133565,54.78270239285117,8.040754565708509,0.3049854894163322,0.036194212747559226,0.14691343134096213,0.15566890872815553,3.962802585129577,2.8704554109854317,0.0,1.0509766535472485,4.628711095639324,1.0691812957168199,1.2024285758024287,2.265086374037943,1.3545859275746377,1.0023283760323383,0.7770291403848468,1.4245737918473347,1.219548305420868,1.3814328746517843,0.8471739109905493,1.378577252325737,0.909321277156932,8.963779732866183,13.429204191283487,1.216142470721285,4.607584034775254,0.21374566232885156,3.9103731879230135,0.015824709723926866,0.27840377317889686,0.1613200441474789,0.037172454874621355,8.119780700984206,57.93265732008738,9.579084484137494,57.00780796197687,9.681955751879542,58.15127870003021,14.68741363640056,11.564600473543141,57.95437207012422,23.89940721933218,24.420994294803844,20.61005410054562,23.688011228677784,20.125775051854937,2.391768657519632,0.3514785875288368,1.0447609015743144,1.3241659521179046,8.387822159937457,1.6575654345948605,8.429561109635083,12.136036652044584,8.354993404735836,17.257681122829545,5.7161950008683355,8.990460597705491,1.921843876874125,17.742336742797807,9.33264077688438,5.565887443866252,18.27821473622608,9.52468634911241,9.98318426864578,1.9524798441460205,8.409548533285367,15.878603425881668,4.5605218390181514,20.10054759388797,6.869038383006627,4.776880890084229,1.098091885707558,1.4531258561408713,3.9818818381152683,2.46532905754047,5.791724173665296,2.4759745087779366,8.183669046918968,4.2841859785639365,2.2792995763209194,6.023283586716049,3.648113554592683,3.155664133040394,4.872453449970918,3.2778968982948413,4.471650926359994,3.446758231036959,3.571906743874492,4.012062645043683],
	[45.512009291699975,8.296808681182911,3.2931935409691917,55.67551891314061,3.4522224856808137,55.83367904639842,9.091731219255758,1.3559621429635806,1.0147824407996893,1.1978900848882106,1.206645562275404,5.013779238676825,3.9214320645326803,1.0509766535472485,0.0,5.679687749186572,0.01820464216957127,2.2534052293496774,3.3160630275851912,0.3036092740273893,0.04864827751491033,0.2739475131624017,0.3735971383000862,0.16857165187361953,0.3304562211045359,0.20380274255669925,0.32760059877848846,0.14165537639031647,10.014756386413431,14.480180844830736,0.1651658171740363,5.658560688322503,1.2647223158761,4.961349841470262,1.0351519438233217,0.7725728803683517,1.2122966976947274,1.08814910842187,9.170757354531455,58.983633973634625,10.630061137684743,58.058784615524125,10.73293240542679,59.202255353577456,15.738390289947807,12.61557712709039,59.005348723671474,24.950383872879428,25.471970948351093,21.66103075409287,24.738987882225032,21.176751705402186,3.4427453110668806,0.6994980660184117,0.006215751972934005,0.27318929857065616,9.438798813484704,2.7085420881421087,9.480537763182332,13.187013305591833,9.405970058283085,18.308657776376794,6.767171654415584,10.04143725125274,2.9728205304213735,18.793313396345056,10.383617430431629,6.6168640974135,19.329191389773328,10.575663002659658,11.03416092219303,3.0034564976932687,9.460525186832616,16.929580079428916,5.6114984925654,21.15152424743522,7.920015036553876,5.8278575436314775,0.04711523216030936,0.4021492025936228,5.032858491662517,3.5163057110877185,6.842700827212544,3.5269511623251852,9.234645700466217,5.335162632111185,3.330276229868168,7.074260240263298,4.699090208139931,4.206640786587643,5.923430103518166,4.32887355184209,5.522627579907243,4.497734884584207,4.622883397421741,5.063039298590931],
	[39.832321542513405,2.6171209319963396,2.3864942082173806,49.995831163954044,2.2274652635057586,50.153991297211846,3.412043470069186,4.323725606222991,4.664905308386883,4.4817976642983615,4.473042186911168,0.6659085105097468,1.758255684653892,4.628711095639324,5.679687749186572,0.0,5.6978923913561434,3.426282519836895,2.363624721601381,5.983297023213962,5.631039471671662,5.405740236024171,6.053284887486658,5.848259401060192,6.010143970291108,5.4758850066298725,6.00728834796506,5.5380323727962555,4.3350686372268585,8.800493095644164,5.844853566360609,0.021127060864069774,4.414965433310472,0.7183379077163101,4.64453580536325,4.907114868818221,4.467391051491845,4.5915386407647025,3.4910696053448826,53.30394622444805,4.95037338849817,52.379096866337555,5.053244656240219,53.522567604390886,10.058702540761237,6.935889377903818,53.3256609744849,19.270696123692858,19.792283199164523,15.981343004906295,19.059300133038462,15.497063956215612,2.2369424381196916,4.9801896831681605,5.673471997213638,5.952877047757228,3.7591110642981325,2.971145661044463,3.8008500139957584,7.507325556405261,3.726282309096513,12.628970027190224,1.0874839052290117,4.361749502066167,2.7068672187651988,13.113625647158482,4.703929681245057,0.9371763482269282,13.649503640586756,4.895975253473085,5.354473173006457,2.676231251493303,3.7808374376460434,11.249892330242343,0.06818925662117233,15.471836498248647,2.2403272873673035,0.14816979444490488,5.726802981346881,6.081836951780195,0.6468292575240552,2.1633820380988538,1.1630130780259718,2.152736586861387,3.554957951279644,0.34452511707538686,2.349411519318404,1.3945724910767257,0.9805975410466409,1.4730469625989295,0.243742354331594,1.3508141973444823,0.15706016927932948,1.181952864602365,1.0568043517648316,0.6166484505956406],
	[45.53021393386955,8.315013323352483,3.311398183138763,55.69372355531018,3.470427127850385,55.851883688567995,9.10993586142533,1.374166785133152,1.0329870829692605,1.216094727057782,1.2248502044449754,5.031983880846397,3.9396367067022515,1.0691812957168199,0.01820464216957127,5.6978923913561434,0.0,2.2716098715192485,3.334267669754763,0.285404631857818,0.06685291968448161,0.292152155331973,0.35539249613051493,0.15036700970404826,0.3122515789349646,0.22200738472627052,0.30939595660891717,0.15986001855988774,10.032961028583001,14.498385487000307,0.14696117500446504,5.676765330492073,1.2829269580456713,4.979554483639833,1.0533565859928928,0.7907775225379229,1.2305013398642988,1.1063537505914411,9.188961996701027,59.001838615804196,10.648265779854313,58.0769892576937,10.751137047596362,59.22045999574703,15.756594932117379,12.633781769259961,59.02355336584103,24.968588515049,25.490175590520664,21.679235396262442,24.757192524394604,21.194956347571754,3.460949953236452,0.717702708187983,0.024420394142505273,0.2549846564010849,9.457003455654275,2.7267467303116804,9.498742405351901,13.205217947761405,9.424174700452657,18.326862418546366,6.785376296585155,10.05964189342231,2.9910251725909447,18.811518038514624,10.4018220726012,6.635068739583072,19.3473960319429,10.593867644829228,11.0523655643626,3.0216611398628404,9.478729829002187,16.947784721598488,5.629703134734971,21.16972888960479,7.9382196787234465,5.846062185801048,0.028910589990738096,0.38394456042405156,5.051063133832089,3.5345103532572897,6.860905469382115,3.5451558044947564,9.252850342635787,5.353367274280757,3.3484808720377393,7.092464882432869,4.717294850309503,4.224845428757214,5.941634745687738,4.347078194011661,5.540832222076814,4.515939526753779,4.641088039591312,5.081243940760503],
	[43.258604062350294,6.0434034518332345,1.0397883116195143,53.42211368379093,1.1988172563311363,53.58027381704875,6.838325989906081,0.8974430863860966,1.238622788549988,1.0555151444614665,1.0467596670742731,2.760374009327148,1.668026835183003,1.2024285758024287,2.2534052293496774,3.426282519836895,2.2716098715192485,0.0,1.062657798235514,2.5570145033770664,2.2047569518347667,1.9794577161872755,2.6270023676497636,2.421976881223297,2.5838614504542132,2.049602486792978,2.581005828128166,2.1117498529593606,7.7613511570637534,12.226775615481058,2.418571046523714,3.4051554589728252,0.9886829134735772,2.707944612120585,1.2182532855263557,1.4808323489813255,1.0411085316549498,1.1652561209278074,6.917352125181778,56.73022874428495,8.376655908335065,55.80537938617445,8.479527176077113,56.94885012422778,13.484985060598133,10.362171897740712,56.751943494321786,22.696978643529754,23.218565719001415,19.40762552474319,22.485582652875355,18.923346476052508,1.1893400817172033,1.5539071633312656,2.247189477376743,2.5265945279203335,7.185393584135027,0.4551368587924317,7.227132533832654,10.933608076242157,7.152564828933408,16.05525254702712,4.513766425065906,7.788032021903062,0.7194153010716963,16.539908166995378,8.130212201081951,4.363458868063823,17.07578616042365,8.32225777330998,8.780755692843352,0.7500512683435916,7.207119957482939,14.676174850079237,3.3580932632157228,18.89811901808554,5.666609807204198,3.5744523142817997,2.300520461509987,2.6555544319433,2.7794532623128396,1.2629004817380411,4.589295597862867,1.2735459329755079,6.981240471116539,3.0817574027615082,1.0768710005184907,4.820855010913621,2.445684978790254,1.9532355572379654,3.670024874168489,2.0754683224924126,3.2692223505575653,2.2443296552345298,2.3694781680720634,2.8096340692412545],
	[42.19594626411478,4.980745653597721,0.02286948661599981,52.35945588555542,0.1361594580956222,52.51761601881323,5.775668191670567,1.9601008846216106,2.301280586785502,2.118172942696981,2.1094174653097872,1.6977162110916342,0.6053690369474888,2.265086374037943,3.3160630275851912,2.363624721601381,3.334267669754763,1.062657798235514,0.0,3.6196723016125807,3.267414750070281,3.0421155144227896,3.6896601658852775,3.484634679458811,3.646519248689727,3.112260285028492,3.6436636263636797,3.174407651194875,6.69869335882824,11.164117817245545,3.4812288447592277,2.342497660737311,2.0513407117090914,1.6452868138850707,2.2809110837618696,2.54349014721684,2.103766329890464,2.2279139191633215,5.854694326946263,55.66757094604943,7.313998110099551,54.74272158793894,7.4168693778416,55.88619232599226,12.422327262362618,9.299514099505199,55.68928569608628,21.634320845294237,22.1559079207659,18.344967726507676,21.42292485463984,17.86068867781699,0.12668228348168925,2.61656496156678,3.3098472756122574,3.5892523261558473,6.122735785899513,0.6075209394430824,6.164474735597139,9.870950278006642,6.089907030697894,14.992594748791607,3.4511086268303925,6.725374223667547,0.34324249716381783,15.477250368759863,7.067554402846438,3.3008010698283092,16.013128362188137,7.259599975074466,7.718097894607838,0.31260652989192245,6.144462159247424,13.613517051843724,2.2954354649802085,17.83546121985003,4.603952008968684,2.511794516046286,3.3631782597455007,3.718212230178814,1.7167954640773255,0.20024268350252714,3.526637799627353,0.21088813473999388,5.9185826728810245,2.019099604525994,0.014213202282976617,3.7581972126781062,1.3830271805547398,0.8905777590024514,2.607367075932975,1.0128105242568985,2.2065645523220514,1.181671856999016,1.3068203698365493,1.7469762710057402],
