NDownloadWindows = 6;
NCandidateDownloads = 97;
DownloadWindowIdx = [8,0,9,2,3,7];
CandidateDownloadIdx = [55,42,3,50,84,22,6,57,87,51,78,37,96,26,62,90,81,24,36,34,52,32,12,58,97,14,33,49,53,60,61,9,85,73,46,15,74,76,2,56,83,67,71,43,64,38,16,80,72,30,29,8,89,39,13,44,92,63,41,0,10,119,73,110,113,128,116,14,126,132,109,131,186,107,127,122,121,76,69,172,164,54,6,157,8,62,134,94,133,148,142,60,87,48,176,95,21];
AcquisitionTime = [-12709.381263285875,-10729.757503092289,-10565.550459057093,-10565.550459057093,-8014.284925162792,-8003.5724157094955,-7980.296426475048,-7846.697432219982,-7812.969907462597,-7807.7118537425995,-7791.620276808739,-7741.920912772417,-7737.942640066147,-5095.982988834381,-5032.579588919878,-5032.579588919878,-5030.739231169224,-5021.143378973007,-5019.423681378365,-5017.44381582737,-5017.44381582737,-5013.063598513603,-5011.061945796013,-5009.541228055954,-5000.148368597031,-4992.928493499756,-4992.928493499756,-4992.928493499756,-4906.395375192165,-4879.123709619045,-4856.616503477097,-4850.610276222229,-4849.968564152718,-4847.169982075691,-4843.447313249111,-4830.305129230022,-4784.726386129856,-2186.744559556246,-2123.910989254713,-2123.910989254713,-2092.38381254673,-2083.9319891929626,-2078.8912071585655,-2077.8739443719387,-2057.6879627406597,-2028.7767965197563,-2024.8922154307365,-2012.0016505718231,-1998.5780205130577,-1974.4991272389889,-1957.9386893510818,-1949.4555150270462,-1911.4550549387932,-1908.4402858614922,-1906.3122970461845,-1893.907152146101,-925.6357954144478,-787.5901131331921,-742.6610425114632,-653.6611096858978,-653.6611096858978,525.9220183063231,668.3553377855502,677.5981561728071,685.9999674248702,693.4723474913028,700.9317373165524,710.1642260442782,723.1235908093245,738.8872689635999,747.1650028989214,756.9099067140693,837.0778423119269,850.6984810287232,875.4644084343505,885.4037346411429,941.3169323969564,1834.598467396566,1848.468835577524,1871.555169781903,1889.677323467931,1902.387119236443,1912.608702373513,1954.469810860897,1996.869112613936,2008.337772677961,2035.64195239276,2102.902081627314,2121.298432156747,2136.02487997492,2149.850484775372,2164.900028214101,2208.17715558706,2221.412584169797,2246.46033661382,7945.147887991734,14085.26905755884];
CandidateDownloadTime = [3.699742,3.699742,14.798971,14.798971,7.399485,3.699742,14.798971,7.399485,3.699742,7.399485,3.699742,3.699742,7.399485,7.399485,14.798971,3.699742,3.699742,3.699742,7.399485,3.699742,14.798971,14.798971,3.699742,3.699742,7.399485,3.699742,7.399485,14.798971,14.798971,3.699742,3.699742,14.798971,7.399485,3.699742,7.399485,7.399485,14.798971,3.699742,14.798971,3.699742,3.699742,3.699742,7.399485,14.798971,14.798971,7.399485,3.699742,7.399485,14.798971,14.798971,7.399485,7.399485,3.699742,7.399485,14.798971,7.399485,14.798971,3.699742,14.798971,14.798971,7.399485,3.699742,7.399485,7.399485,7.399485,14.798971,3.699742,7.399485,14.798971,3.699742,3.699742,14.798971,3.699742,14.798971,14.798971,7.399485,7.399485,3.699742,3.699742,14.798971,7.399485,7.399485,3.699742,3.699742,7.399485,7.399485,14.798971,3.699742,14.798971,7.399485,7.399485,3.699742,3.699742,14.798971,7.399485,3.699742,3.699742];
DownloadStartTime = [529.0901320278645,1651.1867406070232,2121.0636280477047,2705.0145874023438,8565.222198665142,13027.343212008476];
DownloadEndTime = [1008.9964098036289,2239.368815690279,2560.765302300453,3256.015537440777,9011.895486623049,13423.839053869247];
OutputFile = "solutionDLPlan_SAT1.txt";