NDownloadWindows = 5;
NCandidateDownloads = 78;
DownloadWindowIdx = [4,1,10,5,6];
CandidateDownloadIdx = [28,31,65,70,66,86,94,99,68,82,93,95,98,35,77,25,45,23,48,88,27,7,40,19,91,11,1,69,17,47,4,21,5,54,18,79,20,75,59,80,83,85,82,86,115,108,130,129,175,146,173,143,96,149,13,58,174,171,152,137,168,31,12,42,27,28,177,77,158,4,3,5,2,81,70,72,71,1];
AcquisitionTime = [-12533.455120444298,-10752.569508135319,-10752.312508225441,-7844.864286869764,-7825.823824942112,-7770.562677681446,-7767.794553875923,-7747.145663976669,-5116.23237401247,-5037.5978363752365,-4985.736781001091,-4899.382458865643,-4885.81147223711,-4881.825552910566,-4863.712337613106,-4803.645705401897,-3664.765212237835,-2153.0464529395103,-2103.793482065201,-2087.524835705757,-2073.707455486059,-2067.738417029381,-2055.8681089878082,-2034.2975197434425,-2021.102195084095,-2001.3266428112984,-1977.7923241853714,-1912.0357765555382,-1909.0716527998447,-1909.0648992061615,-1893.907152146101,-1879.225533604622,-763.1841584444046,-760.1063887476921,-759.5592981278896,-749.6556576788425,-742.6610425114632,-736.631616383791,-695.592810511589,1654.642332242795,1663.603993196544,1676.00893698392,1756.582060800858,1765.967062693118,3457.578120486804,3618.797560835613,3629.912981348105,3637.591872301502,4812.040486054489,4835.718677532524,4850.171504635942,4878.750254183867,4908.648890504651,4930.944684353196,4947.713187696434,4956.177663785174,4970.5097545519,4979.648338062906,4989.379530100178,5003.181529563622,5020.609428110804,5029.171927091685,5041.053210658837,5049.376639133417,5060.423609587641,5070.693550901481,5082.965490254306,5095.076109562983,5128.997220413753,7656.932996766635,7664.491511614201,7677.689535195342,7685.883943636269,7743.970254831574,12336.85358272678,12344.95027947649,12420.07561792619,13535.84884429079];
CandidateDownloadTime = [14.798971,3.699742,3.699742,7.399485,7.399485,14.798971,3.699742,7.399485,7.399485,7.399485,14.798971,7.399485,3.699742,3.699742,14.798971,3.699742,3.699742,7.399485,14.798971,3.699742,7.399485,7.399485,7.399485,3.699742,7.399485,3.699742,14.798971,3.699742,14.798971,7.399485,7.399485,3.699742,3.699742,7.399485,3.699742,14.798971,3.699742,7.399485,3.699742,7.399485,7.399485,14.798971,14.798971,14.798971,3.699742,14.798971,3.699742,14.798971,7.399485,7.399485,14.798971,14.798971,3.699742,14.798971,14.798971,3.699742,14.798971,3.699742,14.798971,14.798971,3.699742,14.798971,3.699742,7.399485,14.798971,3.699742,3.699742,7.399485,3.699742,3.699742,14.798971,7.399485,14.798971,7.399485,3.699742,7.399485,14.798971,14.798971];
DownloadStartTime = [0.0,4636.153255403042,5227.0095692873,5638.566136717796,11479.83084076643];
DownloadEndTime = [354.3842425644398,5137.770410984755,5425.6025502979755,6139.240344405174,11884.258050203323];
OutputFile = "solutionDLPlan_SAT2.txt";